90
94
106
8
158
76
176
2
139
8
173
11
17
452
158
16
2
20
525
175
26
28
583
196
36
28
651
217
53
31
710
223
84
31
715
2
226
114
29
707
12
224
152
711
16
235
181
61
615
7
240
217
64
577
5
238
251
611
14
3
239
268
636
20
235
269
7
685
34
208
249
722
36
16
188
217
1
1
704
36
234
179
672
34
250
150
618
32
283
144
22
8
604
34
309
137
56
7
586
36
330
122
95
573
42
344
114
235
544
44
360
100
203
513
48
32
355
88
214
466
53
15
57
345
78
235
418
228
350
245
351
238
347
30
3
241
201
253
336
45
27
230
11
13
1
181
180
312
64
46
204
43
16
13
3
157
142
300
90
43
190
124
13
136
115
4
181
121
33
163
150
16
101
87
11
188
143
27
152
158
27
39
43
38
33
164
192
20
139
154
30
84
6
72
44
182
184
15
132
155
39
144
2
112
36
190
5
11
173
145
137
290
141
21
197
193
10
157
118
360
170
8
196
186
8
175
10
102
393
201
87
177
9
79
173
39
421
3
220
162
12
162
80
405
240
147
18
145
111
393
266
133
23
120
154
381
299
27
115
197
91
352
355
107
33
237
51
304
392
92
37
241
34
295
395
43
72
27
249
304
364
53
57
14
243
312
306
53
35
5
232
311
218
191
305
8
18
293
8
277
257
91
231
111
215
153
196
199
165
264
370
3
444
8
509
11
568
16
636
22
656
23
622
619
616
609
32
1
593
59
32
2
1
33
542
69
51
65
64
491
76
2
66
272
437
101
84
379
376
108
91
490
128
100
589
113
143
638
110
162
659
114
187
684
115
212
739
124
222
774
131
227
4
798
133
222
24
841
123
209
933
127
200
971
122
183
956
117
167
903
112
140
887
120
103
869
101
36
3
847
116
133
837
153
1017
183
1059
201
1085
211
1097
199
1086
221
1074
240
5
1062
247
48
1013
248
95
940
230
130
856
6
214
150
343
454
163
699
28
166
686
62
181
660
113
187
635
186
185
621
232
168
603
277
160
603
316
161
598
338
175
577
348
192
575
368
209
559
394
228
570
414
264
537
402
288
515
26
393
313
511
59
365
349
453
77
332
384
478
28
104
281
405
488
130
246
413
488
165
198
419
480
214
158
427
5
464
251
132
448
17
454
241
116
449
34
436
218
108
438
51
402
178
430
72
7
391
162
399
23
109
353
155
371
34
133
150
336
50
157
57
151
144
275
62
176
46
159
142
62
199
192
164
41
149
149
64
208
166
45
140
69
218
123
233
142
231
62
86
250
136
225
57
71
254
124
222
266
213
279
192
295
168
4
319
149
10
322
122
26
310
40
312
60
320
70
307
83
274
99
232
118
217
143
4
183
140
23
172
37
135
169
62
46
136
163
69
59
148
199
2
80
86
149
240
29
3
94
132
143
300
13
82
96
170
137
381
105
101
220
122
458
132
103
259
94
518
161
89
286
60
554
171
88
303
38
583
180
94
302
26
604
185
94
299
15
594
178
117
272
5
585
161
133
575
152
159
546
136
186
525
111
225
498
101
258
310
192
90
275
308
125
79
304
293
94
67
328
281
47
50
353
264
42
47
361
244
26
367
227
15
373
215
9
371
196
12
364
171
13
322
139
10
246
96
10
242
231
221
218
210
87
4
171
214
255
308
334
343
352
340
33
322
9
47
308
7
57
294
86
3
11
277
144
73
264
174
1
88
244
200
97
3
231
216
41
118
215
239
100
141
200
259
128
171
179
250
371
158
255
447
136
267
481
102
276
496
280
59
486
268
4
107
457
251
114
124
88
415
1
251
168
8
172
344
12
241
210
266
196
25
242
240
259
217
37
230
255
253
224
61
207
288
242
263
76
203
294
229
287
76
218
314
3
224
295
69
327
72
10
140
209
296
65
14
343
215
287
61
354
14
207
281
52
369
8
195
241
47
373
13
183
180
51
374
12
176
126
60
375
14
155
91
68
387
120
68
80
394
95
57
86
397
87
50
101
405
76
113
41
80
428
76
111
37
113
415
67
124
32
141
365
65
138
29
147
324
62
35
144
139
268
64
46
120
131
59
62
58
95
98
81
54
62
76
40
113
50
64
19
157
8
44
62
17
223
36
59
262
5
36
55
285
12
36
49
301
58
36
41
8
318
144
29
37
32
326
189
17
36
76
329
256
15
49
447
288
15
49
464
323
9
33
447
353
439
373
411
374
405
371
398
371
373
382
351
385
346
391
347
395
325
399
304
400
251
389
213
396
210
407
212
401
204
397
200
392
207
373
194
336
199
200
13
195
61
103
128
152
180
195
197
191
226
258
294
316
334
355
352
48
42
364
214
377
305
363
343
339
353
301
347
266
342
341
313
288
75
259
468
130
240
462
713
235
1
818
228
905
225
934
223
943
227
225
960
37
247
951
81
262
857
11
123
295
12
760
31
184
337
79
614
55
241
378
213
552
300
2
958
259
15
379
1004
387
435
1006
480
483
998
248
275
512
1274
262
536
1265
272
557
1219
287
576
297
1156
581
1476
548
429
983
480
456
899
58
377
507
811
509
528
729
563
550
689
606
574
661
640
586
632
651
593
633
664
595
624
679
594
602
658
554
586
612
45
421
579
531
605
547
632
549
640
532
647
530
649
552
638
563
623
552
617
541
629
4
547
611
1
523
597
46
487
580
105
429
535
185
409
429
230
378
392
283
342
367
326
316
340
350
315
140
365
287
396
256
408
203
418
160
430
443
462
478
482
460
5
394
8
19
75
360
30
51
154
298
54
105
201
229
74
172
234
96
162
272
260
335
277
396
296
455
7
328
515
349
577
380
598
406
613
430
7
603
470
552
468
529
443
524
409
533
376
534
347
548
298
544
544
539
537
548
560
585
8
2
5
605
74
614
122
589
185
567
234
508
270
442
303
385
329
346
352
296
380
2
229
516
562
606
627
648
656
664
671
695
697
682
18
679
8
34
114
634
55
182
591
108
234
547
72
149
291
490
103
194
328
141
430
224
362
164
190
171
244
573
189
162
243
578
207
238
609
243
228
623
273
223
639
303
225
638
344
236
628
369
239
618
381
233
622
395
220
626
419
204
616
422
173
567
414
138
525
407
4
108
490
421
461
422
423
407
398
396
369
380
335
333
288
286
251
21
3
229
92
212
170
190
231
166
285
326
368
435
473
106
493
123
516
142
527
163
529
188
537
221
534
273
541
343
550
389
568
417
19
569
414
606
390
608
358
12
614
322
11
619
280
26
616
266
42
604
253
49
587
250
98
2
574
12
250
124
39
564
14
240
145
104
548
208
162
166
528
198
187
225
524
208
284
512
1
221
363
503
226
419
497
230
464
20
479
2
223
515
49
451
39
209
563
75
481
202
117
615
488
194
144
625
452
3
174
167
643
438
8
156
204
666
408
233
694
381
250
695
381
263
680
414
280
680
454
294
675
1
485
285
658
470
276
623
443
34
4
265
632
416
47
631
253
1
6
395
62
644
240
393
70
638
235
390
72
637
236
392
82
624
237
364
88
598
237
341
109
1
574
246
295
171
545
249
268
225
506
252
250
264
445
229
238
280
207
264
102
219
324
174
222
84
202
365
138
65
198
400
118
1
2
49
184
423
3
287
179
449
374
172
456
444
161
446
488
142
427
506
123
407
526
104
381
510
92
362
504
74
364
505
55
388
473
29
408
446
3
410
400
415
433
454
452
25
435
63
420
100
403
128
389
145
362
154
314
170
254
183
203
20
212
50
89
222
124
225
148
228
176
222
196
211
211
214
225
208
253
199
283
195
6
314
241
343
243
368
239
88
239
257
65
231
257
312
234
297
235
22
237
259
237
272
247
274
252
292
256
295
257
297
252
285
240
258
234
251
217
241
190
228
166
249
143
268
280
298
308
34
327
112
326
130
302
1
154
1
275
200
11
6
272
294
338
313
359
395
438
441
435
400
386
369
320
253
203
171
169
4
8
223
234
251
272
12
3
279
1
13
9
310
9
17
24
326
40
58
330
1
42
98
327
9
1
127
34
26
323
15
140
38
23
321
96
144
14
307
138
148
39
5
288
187
149
62
1
289
235
3
19
143
86
279
258
51
137
104
242
271
121
137
121
3
224
257
200
143
124
7
205
247
417
116
8
185
242
466
102
10
166
238
486
82
11
6
13
111
241
496
71
12
13
75
138
252
516
54
4
13
132
169
268
516
24
10
48
4
153
13
205
259
519
37
43
199
224
240
516
364
244
233
510
401
263
238
515
376
270
234
517
381
275
512
361
268
488
357
244
474
325
453
309
423
306
386
298
329
278
262
257
230
196
149
127
8
5
103
52
88
181
265
44
316
39
333
38
353
37
366
405
394
373
353
335
323
306
275
214
187
153
122
16
8
44
8
60
1
9
29
24
65
41
50
77
78
48
79
54
107
73
151
64
78
194
58
94
224
58
101
121
51
249
129
38
273
137
285
26
183
298
13
222
289
2
1
6
257
271
12
280
256
16
325
237
14
9
4
358
206
13
46
90
376
178
23
87
7
157
416
3
5
5
134
198
419
127
6
150
214
420
30
126
1
159
216
419
189
159
219
404
262
150
216
295
387
3
155
229
317
2
365
157
233
330
348
136
235
331
335
4
48
33
238
322
312
147
21
225
320
300
180
13
208
318
303
204
185
297
300
200
176
275
286
205
168
262
286
201
168
251
271
176
177
244
257
155
180
231
253
149
170
212
248
145
159
189
251
137
145
169
257
134
138
261
152
12
138
266
192
142
266
191
140
257
155
129
236
130
124
214
107
106
194
82
143
69
110
46
84
3
12
13
91
1
1
44
115
54
145
17
68
158
46
87
170
72
95
169
184
166
191
165
186
180
208
167
216
197
224
202
227
201
222
198
230
34
192
234
46
169
241
56
160
251
5
56
17
256
55
270
29
83
35
274
115
276
35
147
269
30
188
1
221
28
230
220
29
273
233
24
289
247
14
292
4
245
259
1
14
230
200
5
25
230
192
7
33
235
212
11
36
241
249
14
38
250
310
17
45
263
369
275
447
284
498
288
536
297
561
291
570
290
580
282
582
278
582
260
579
239
567
212
539
8
1
3
185
45
62
453
174
42
127
438
180
49
186
432
192
232
48
415
191
266
44
374
195
286
36
188
283
180
278
153
270
131
252
11
116
224
37
107
192
2
76
12
128
168
5
25
89
52
168
62
99
286
83
102
312
92
105
313
96
104
308
92
100
310
73
100
308
47
101
313
103
317
106
300
24
287
101
57
250
93
90
202
83
98
87
6
86
63
22
188
37
184
77
198
104
209
125
230
118
275
102
313
77
323
54
308
34
314
22
307
17
314
12
304
301
286
263
13
238
10
251
3
10
32
26
35
29
36
39
42
46
45
41
44
28
43
40
91
119
128
148
181
219
235
246
44
261
43
272
38
275
31
316
301
288
265
249
2
235
4
8
197
18
12
28
13
41
26
119
145
130
144
6
153
7
164
10
6
172
19
11
184
16
43
3
6
180
21
135
179
49
193
169
72
248
147
100
289
119
123
317
102
142
337
88
155
356
2
67
5
171
370
36
48
187
376
53
39
199
366
58
32
210
350
104
21
550
125
20
496
131
18
426
136
15
334
132
7
10
306
122
7
257
107
231
92
215
67
192
47
175
27
144
11
113
7
4
5
4
26
56
83
105
131
136
149
156
162
168
171
171
169
157
153
143
136
127
50
111
69
106
123
2
95
184
1
6
1
85
284
5
74
338
66
368
60
381
385
9
406
18
3
64
432
44
97
445
93
102
423
157
15
101
232
380
55
98
279
359
82
93
328
336
97
75
362
324
114
66
317
354
124
61
312
343
5
150
61
54
327
319
150
55
53
357
290
145
53
49
389
210
133
64
45
418
157
124
66
43
585
112
73
41
567
108
80
34
505
107
81
20
442
114
85
10
292
147
91
6
10
166
148
142
33
191
168
153
54
200
189
301
196
215
376
236
400
244
414
256
437
258
441
264
442
264
438
262
440
246
443
233
408
224
377
221
347
212
315
1
199
297
31
182
281
59
179
268
103
173
257
145
172
1
243
185
170
14
226
249
163
209
282
132
194
320
109
179
340
98
350
74
361
365
372
377
375
378
402
395
370
354
329
306
281
254
69
218
80
20
181
84
49
82
74
71
117
164
39
15
227
28
330
14
414
6
458
3
511
4
558
1
617
656
691
670
636
576
480
22
5
4
387
61
34
2
366
112
60
356
164
87
351
225
457
257
458
276
443
276
442
237
424
240
396
237
389
223
363
199
4
331
174
17
316
7
154
85
295
137
118
264
118
130
208
2
95
128
11
71
116
27
43
101
44
16
88
65
6
79
71
75
75
4
71
83
87
40
94
65
252
104
59
318
122
56
362
128
56
396
146
58
398
165
62
386
186
68
389
202
68
153
212
219
58
22
159
190
230
54
43
154
154
235
50
188
56
130
236
53
72
212
122
235
57
88
371
245
169
391
253
176
406
277
167
420
305
160
398
342
138
376
388
118
346
431
90
310
475
58
268
503
36
220
524
16
189
537
16
164
549
16
142
4
541
15
121
2
16
4
630
15
102
13
81
246
14
365
89
122
226
50
360
72
152
208
81
353
172
196
99
343
185
209
102
344
217
229
109
306
228
245
109
4
308
250
272
105
6
312
252
311
104
317
249
328
106
297
238
340
106
265
239
348
105
243
258
351
108
207
274
338
105
173
282
325
102
275
310
102
267
106
298
253
105
284
263
97
11
245
91
23
216
86
30
79
180
25
6
77
155
28
19
79
14
39
10
23
91
2
100
38
215
51
210
1
93
171
4
22
166
22
8
95
1
173
11
144
160
14
216
147
12
256
124
9
272
105
7
292
80
3
291
54
288
34
271
6
8
235
8
178
11
11
135
47
18
106
106
2
51
94
152
79
79
196
97
67
235
101
34
67
262
102
136
274
100
139
297
100
150
302
101
167
308
99
184
312
91
8
187
315
17
184
338
25
177
359
34
167
406
144
412
402
405
439
458
464
454
448
442
435
431
415
122
407
155
384
188
359
218
331
248
282
282
213
9
302
327
330
344
353
361
361
347
334
324
317
315
301
293
255
202
11
61
41
97
67
143
106
183
144
213
161
222
169
204
65
4
169
194
86
39
184
245
105
209
241
121
237
262
107
236
280
83
225
291
47
210
307
238
302
256
5
296
260
25
3
295
281
47
14
291
274
69
25
3
290
278
222
34
282
284
369
40
277
362
463
275
359
539
267
372
604
258
350
639
245
673
336
712
339
334
759
312
779
286
808
823
244
815
220
780
200
121
755
180
154
702
165
184
635
132
207
562
112
240
273
83
176
276
241
56
126
317
106
339
101
352
18
373
69
380
130
387
178
387
238
539
371
291
538
357
326
515
9
337
347
518
14
302
356
501
17
1
293
349
486
26
7
278
337
449
38
7
264
323
404
52
40
1
1
4
249
308
392
83
21
220
294
282
77
117
193
278
341
106
161
247
320
97
134
215
308
92
116
181
314
170
3
155
318
212
130
309
245
120
285
304
126
261
320
154
215
340
174
179
364
171
152
389
185
115
409
191
107
418
179
109
419
170
116
376
143
123
329
113
130
313
86
141
155
161
170
165
156
2
17
69
132
164
192
2
22
219
156
257
226
272
272
282
320
294
374
304
416
304
457
295
445
291
438
296
444
293
414
288
386
291
303
273
289
35
259
291
31
310
345
340
349
4
362
19
381
32
15
383
37
47
350
136
510
543
587
631
669
685
700
698
695
689
669
656
640
107
645
132
640
171
636
217
633
280
326
375
410
452
504
533
556
588
597
583
556
526
42
470
4
133
448
95
2
202
426
186
25
263
249
22
417
364
76
81
239
399
449
97
158
224
373
506
133
228
196
335
554
148
298
166
299
572
150
28
360
121
241
600
145
29
422
72
199
651
141
47
472
30
136
653
64
489
130
648
80
468
132
652
108
455
146
12
659
130
436
175
34
651
127
427
192
61
625
132
427
210
88
599
145
424
91
217
607
147
385
115
216
602
157
351
722
207
168
327
701
239
190
312
586
239
235
2
302
539
235
297
305
519
220
330
285
480
191
329
283
430
179
4
319
269
55
182
400
300
169
75
102
191
375
160
145
188
342
147
188
188
336
196
210
184
346
224
183
343
235
337
240
325
253
312
253
312
256
332
269
352
278
395
287
444
294
483
299
526
300
555
298
573
295
574
561
298
543
289
3
516
271
21
1
474
258
32
103
32
420
242
114
85
37
393
221
266
53
350
203
279
84
335
205
298
109
327
182
309
125
301
152
311
143
7
289
128
320
256
263
323
285
224
321
310
1
203
313
334
5
194
309
328
32
184
311
291
71
168
311
111
267
320
257
146
167
311
241
232
195
288
218
217
266
262
213
243
24
301
205
237
97
348
193
217
4
169
388
170
196
40
217
418
133
94
255
443
101
159
281
467
61
207
330
490
21
279
446
12
475
322
554
453
371
597
419
412
608
380
428
613
3
331
402
4
618
284
369
17
605
240
346
33
572
221
291
44
541
202
259
64
514
188
249
42
485
158
267
46
461
123
285
48
446
276
42
420
260
43
6
393
251
43
32
376
41
214
47
347
62
320
73
274
85
41
253
92
77
109
100
146
196
232
259
278
35
258
92
279
136
279
174
292
4
220
287
20
268
301
37
307
306
64
350
310
90
382
2
318
121
402
35
322
156
431
56
313
201
427
70
303
237
419
78
261
282
419
78
294
267
421
76
332
243
431
78
369
221
453
80
407
184
445
67
453
150
443
67
492
118
426
63
538
86
415
54
579
54
420
57
591
25
417
54
602
2
411
49
591
391
51
582
378
45
587
332
43
581
306
39
563
303
32
538
312
495
323
436
345
373
386
400
300
408
255
414
206
173
14
229
184
37
244
186
69
228
190
90
22
192
140
182
16
103
43
184
169
13
56
232
264
12
269
271
11
313
287
13
23
394
310
32
439
320
44
1
472
319
79
5
483
302
106
13
490
280
135
19
496
265
180
40
496
322
3
224
25
512
328
239
13
1
509
282
222
33
506
25
28
289
200
37
25
4
505
53
320
35
215
167
487
506
316
141
533
528
390
97
549
5
544
431
107
551
575
458
104
548
591
477
92
3
527
601
494
39
516
12
611
505
37
629
512
503
45
625
495
511
43
490
614
490
43
478
563
445
49
4
1
462
8
561
397
40
5
22
25
453
548
1
348
30
79
46
453
476
30
20
114
79
36
356
454
30
29
22
141
96
101
18
387
285
46
20
3
51
35
248
133
122
19
408
240
40
19
76
67
306
157
138
15
418
41
193
20
108
44
353
155
176
9
412
35
142
21
150
17
383
204
210
389
22
172
408
221
246
359
22
170
413
261
270
334
20
403
285
317
319
23
8
373
292
379
295
28
57
353
1
579
1
3
416
35
113
590
333
485
38
150
2
489
282
566
186
497
225
592
186
489
177
542
174
409
186
521
182
375
165
501
237
358
150
474
280
19
347
131
481
1
300
78
344
123
497
317
142
324
5
114
538
346
200
6
304
17
586
356
232
32
263
28
603
391
261
74
233
49
622
450
285
303
81
464
659
310
316
109
460
675
338
317
124
656
426
362
312
128
608
401
376
303
140
601
374
391
304
157
399
344
394
295
167
400
314
384
283
176
389
267
364
393
345
370
333
313
318
273
297
234
266
202
251
182
253
158
250
131
252
242
242
1
227
211
16
5
200
15
97
187
165
18
161
32
252
143
354
396
420
420
415
407
406
389
367
327
14
311
32
336
316
77
367
170
385
213
412
237
6
432
247
517
243
559
222
573
205
571
181
558
158
570
129
572
72
560
26
2
539
509
473
429
363
297
259
234
224
230
238
236
246
253
266
274
29
278
77
139
277
180
262
235
253
269
237
14
299
217
78
329
195
140
354
175
184
363
188
217
395
197
241
408
191
241
418
236
421
78
246
411
127
68
252
367
161
80
259
329
171
251
95
307
454
118
278
458
148
236
461
172
201
472
192
489
181
228
484
172
254
493
153
279
500
287
17
526
285
34
519
276
36
517
259
25
492
216
479
220
429
139
391
135
333
134
309
125
280
131
245
115
227
96
203
74
172
128
1
113
72
116
158
359
423
469
499
526
555
550
543
476
25
319
96
15
199
78
14
9
170
81
53
170
87
66
169
169
167
168
155
175
141
182
125
179
83
163
137
5
1
10
3
31
40
68
53
116
10
6
142
59
67
26
167
126
64
122
31
208
118
74
181
33
248
128
82
208
31
282
139
90
241
36
307
144
99
262
40
340
158
112
277
418
158
117
297
455
164
116
289
479
151
113
300
498
141
122
316
512
136
118
337
535
132
1
2
112
370
536
135
113
94
414
522
151
118
87
452
521
174
107
67
476
530
200
103
59
486
538
227
107
45
491
553
246
109
482
563
30
6
280
103
480
104
568
295
94
470
244
314
568
103
459
341
317
549
116
428
391
491
311
135
365
423
282
477
148
146
446
112
457
164
145
446
488
77
201
160
435
446
49
58
215
176
409
475
31
55
241
188
384
477
303
5
216
385
458
441
234
401
413
498
399
367
561
41
404
311
597
96
407
240
621
154
3
412
641
185
35
398
645
201
84
397
639
202
134
420
617
203
177
177
212
593
198
219
187
186
585
188
233
214
574
177
233
239
564
164
245
260
552
153
256
282
505
137
254
321
20
107
26
325
119
242
343
45
99
87
296
103
234
384
246
98
274
205
85
417
280
87
242
181
74
442
283
75
196
145
50
465
271
66
160
116
42
469
251
61
132
84
38
488
227
60
108
73
32
483
202
55
66
25
515
180
47
541
11
161
43
570
28
148
593
39
141
622
50
136
652
56
131
676
56
137
12
678
52
137
50
666
139
85
651
145
144
618
146
221
570
147
290
502
139
335
402
127
363
314
369
366
13
317
21
245
28
163
27
145
29
131
22
108
21
97
13
93
10
93
8
107
10
115
11
103
13
87
19
91
29
27
40
83
72
3
82
60
30
5
125
81
65
234
115
42
265
127
31
114
148
137
32
168
135
40
215
134
53
1
5
267
137
53
20
391
146
58
50
488
1
165
65
89
529
161
78
116
568
6
159
79
148
584
11
180
86
181
603
1
235
75
219
578
2
282
55
246
534
11
322
33
261
14
521
340
6
261
31
475
315
254
47
407
291
244
63
301
263
227
77
247
242
204
91
201
217
179
93
206
157
100
208
137
107
224
119
106
237
103
104
248
103
91
252
104
75
247
104
55
246
99
36
252
94
13
242
240
253
6
20
262
202
10
26
141
268
205
14
57
137
271
226
19
111
108
86
256
58
285
150
240
126
237
344
181
214
309
224
2
1
392
203
304
158
211
421
331
386
194
17
435
462
266
1
6
427
531
336
394
485
360
311
560
373
271
622
402
251
643
401
235
685
389
217
684
371
193
678
323
169
660
303
39
141
643
292
66
117
610
264
105
94
426
137
248
141
70
413
6
246
105
158
51
370
331
84
165
27
297
369
77
182
208
422
208
162
447
1
245
38
131
464
106
262
54
103
460
166
258
82
80
415
198
263
118
69
347
214
257
143
72
347
24
222
241
166
73
341
2
40
214
230
183
127
351
59
203
217
191
233
349
186
209
186
245
340
154
203
256
298
135
5
242
260
143
315
224
34
156
359
225
37
167
396
263
182
421
271
200
458
266
206
489
217
216
510
224
228
533
249
248
14
551
265
263
10
521
289
278
1
6
2
2
18
10
497
309
268
34
19
553
318
251
30
47
556
325
76
48
576
321
89
74
457
118
315
76
103
476
82
300
80
116
493
7
280
134
68
493
268
147
17
60
485
244
53
157
49
485
213
138
151
488
163
167
124
484
168
68
475
179
35
449
195
42
410
200
52
377
197
71
331
180
85
295
99
153
292
117
128
284
144
91
273
167
39
252
174
6
230
188
152
132
3
123
99
12
44
4
73
27
108
70
132
126
164
180
51
203
209
49
235
222
48
258
229
72
266
246
102
279
268
134
299
272
138
311
278
89
36
322
7
14
277
162
292
47
47
274
215
242
100
84
277
266
201
145
129
325
268
172
192
175
367
276
179
189
212
414
278
199
169
235
499
276
200
155
253
573
270
194
159
256
606
260
181
177
255
620
263
160
191
255
636
258
134
195
254
660
246
203
110
265
656
242
210
85
276
659
239
67
209
287
662
249
47
219
283
654
246
223
28
282
645
241
223
9
285
654
233
224
3
294
681
242
216
24
283
738
241
207
52
311
776
243
194
77
339
782
220
185
104
349
757
205
179
139
339
743
219
167
350
720
232
175
368
732
259
190
388
281
728
7
190
406
321
689
31
1
6
185
416
361
630
53
37
2
191
4
414
399
596
82
62
191
24
424
425
571
118
68
188
60
429
416
529
106
74
24
176
96
432
394
488
95
33
93
27
159
129
435
271
445
77
99
102
133
163
440
272
407
130
86
109
104
194
446
287
199
100
120
68
229
437
550
125
113
271
35
449
399
3
174
137
88
307
12
457
407
190
140
63
327
465
400
189
127
47
330
456
396
128
3
177
195
351
452
376
245
91
51
207
356
463
329
190
273
1
208
13
346
463
239
246
263
195
332
497
296
232
165
319
529
308
190
163
14
301
568
300
26
6
272
595
386
240
629
442
647
436
668
455
679
431
702
417
718
426
731
416
738
403
724
386
693
379
644
373
589
343
516
312
464
60
24
114
52
137
82
160
105
170
118
177
125
206
125
229
125
240
56
137
236
90
136
219
121
131
236
1
144
4
116
237
27
200
86
235
257
20
57
242
283
6
34
251
290
18
252
283
10
260
274
284
250
312
228
309
198
288
161
137
129
23
109
126
57
3
80
128
84
75
1
134
101
90
137
91
114
132
86
40
123
115
88
49
155
104
29
58
186
220
2
81
232
297
110
273
1
327
135
375
354
162
411
365
180
439
377
192
455
377
208
10
450
122
370
224
96
457
143
355
238
185
438
163
330
252
253
415
178
305
256
307
407
198
262
262
358
215
396
242
258
416
238
361
211
245
468
253
337
186
242
527
283
226
561
310
220
579
340
208
585
388
1
200
603
445
198
625
487
184
642
531
173
650
561
675
577
692
572
12
13
708
549
61
728
524
97
668
474
32
3
38
131
106
443
75
164
419
160
393
123
168
358
188
363
158
180
330
222
333
183
193
292
243
299
205
1
2
207
284
235
256
217
19
215
1
287
230
238
8
228
23
222
4
299
259
191
232
38
214
8
293
289
154
235
67
198
15
5
10
304
319
121
239
156
184
21
320
323
238
201
178
28
334
339
229
226
34
173
344
346
1
227
247
161
43
352
342
18
214
261
143
59
346
343
66
208
280
131
82
337
338
121
197
307
103
105
321
317
153
179
306
114
82
338
181
290
307
150
124
59
357
198
262
302
137
130
37
360
221
241
4
298
135
130
23
376
234
215
18
305
128
376
222
184
23
292
181
9
382
225
285
268
56
3
393
232
345
245
125
25
389
239
406
229
238
380
250
460
214
293
359
283
471
210
328
342
298
216
480
340
316
353
249
473
359
384
284
479
361
2
392
303
478
26
359
375
306
439
61
349
372
311
411
105
336
353
310
140
390
320
311
305
168
371
295
251
293
201
365
273
286
238
362
254
274
270
292
223
253
310
222
195
218
348
194
156
193
381
186
126
167
409
191
429
142
190
450
128
229
465
112
241
469
100
256
478
92
285
16
476
81
306
87
464
71
318
135
8
434
62
322
177
35
395
56
342
209
56
336
46
373
214
128
254
42
393
209
205
106
37
429
188
251
99
29
433
198
288
93
24
414
216
309
87
16
411
241
320
79
9
409
268
335
71
424
54
305
341
441
48
304
328
395
73
334
303
382
122
343
309
375
160
341
295
389
177
328
280
395
187
316
263
408
189
304
240
430
187
214
418
194
190
405
202
165
408
203
138
429
202
440
198
429
212
410
228
398
230
385
235
363
213
367
180
391
150
418
118
435
8
83
440
15
4
449
58
4
1
450
77
43
5
442
144
85
8
417
206
119
9
242
391
126
8
275
363
123
6
295
346
112
5
307
318
87
6
312
298
61
8
56
318
275
47
105
312
5
234
43
142
314
192
47
5
193
297
174
3
51
4
221
283
179
8
54
223
269
195
26
54
251
214
215
48
2
52
231
189
240
41
104
50
205
256
99
169
137
282
143
169
146
33
318
101
198
176
135
100
6
20
343
83
231
184
109
194
308
362
77
200
87
266
4
339
361
79
219
72
319
15
365
96
353
249
60
353
158
367
369
280
49
386
224
353
411
314
37
434
274
341
433
338
29
462
302
332
449
344
19
486
314
307
464
334
7
486
338
286
448
311
490
355
421
272
288
481
366
368
236
268
497
367
203
251
118
8
532
377
170
234
3
110
549
373
142
209
123
564
359
115
11
185
142
571
334
84
106
162
160
556
312
141
162
532
297
183
63
153
489
282
218
60
158
9
438
252
458
73
9
400
233
471
108
356
221
438
131
335
188
479
150
279
137
509
156
187
47
532
160
151
554
161
573
146
595
128
3
606
121
627
129
628
105
624
66
617
14
14
609
599
554
483
421
369
309
7
15
15
9
33
49
61
13
81
28
113
40
137
58
159
76
167
91
163
110
156
118
150
118
3
147
134
171
135
163
126
4
169
116
187
102
207
94
223
89
245
85
254
81
247
76
247
63
245
54
247
239
213
173
160
4
5
191
41
94
149
201
187
167
12
63
183
299
321
353
366
370
370
363
36
351
55
333
85
310
105
1
274
127
26
252
140
54
226
5
155
99
188
194
205
286
209
356
8
221
441
244
495
268
511
301
512
320
502
319
487
322
455
320
14
441
320
32
434
306
457
293
447
276
412
4
264
358
6
250
320
221
2
195
44
75
169
1
1
97
145
6
2
128
48
135
17
97
138
52
144
142
53
270
142
65
303
128
71
332
98
65
390
39
82
59
402
71
37
1
60
80
375
91
146
85
352
112
220
178
308
111
283
2
204
261
125
250
68
224
27
127
267
227
131
285
241
132
292
257
128
301
265
105
314
25
261
90
310
52
252
67
284
80
244
53
267
229
121
49
251
191
197
29
226
27
194
27
196
225
61
343
105
402
142
2
11
423
25
152
19
36
418
34
82
152
19
150
404
107
150
45
202
428
129
142
72
282
411
147
127
90
336
89
275
166
108
112
375
96
238
183
81
132
417
92
234
192
53
165
448
91
241
23
199
50
186
472
93
234
31
197
42
191
489
92
234
39
194
35
212
496
92
1
222
58
185
24
212
512
82
229
80
173
13
238
421
78
215
86
158
2
249
419
68
221
102
124
269
414
64
204
106
1
94
396
411
67
102
2
3
1
295
129
402
66
93
25
6
305
119
383
65
108
10
308
104
358
68
104
18
262
324
71
97
28
26
21
252
284
69
91
103
35
19
254
277
62
136
102
58
17
268
237
56
96
89
76
18
41
290
50
188
93
73
84
20
306
44
178
105
68
103
22
317
178
126
121
61
25
317
294
136
69
27
303
269
149
64
32
291
236
152
58
37
294
151
40
39
289
152
43
23
271
154
44
166
38
174
31
173
22
159
18
143
11
115
6
93
1
3
2
13
14
25
41
44
64
61
95
80
113
104
120
259
275
298
315
329
339
342
358
383
400
4
404
5
14
407
12
424
35
410
74
425
105
1
1
408
115
35
391
170
369
178
338
172
189
198
1
203
13
202
46
184
61
148
15
65
122
7
55
94
45
74
4
5
50
50
51
66
26
205
15
8
1
248
38
23
278
57
45
282
73
66
283
85
103
281
86
126
29
271
130
37
138
274
149
51
138
286
5
155
69
131
287
8
137
93
124
289
5
105
103
112
256
93
123
93
238
80
145
90
229
68
180
100
231
44
208
108
249
5
217
115
262
214
119
278
201
121
276
199
125
266
185
137
233
188
143
193
191
139
170
9
190
132
155
5
25
172
117
33
149
43
2
15
163
235
2
51
54
20
105
270
73
28
199
274
85
227
270
98
246
1
252
109
225
72
28
266
124
47
136
239
24
290
151
372
128
303
197
402
110
4
1
304
243
17
416
99
11
284
279
41
1
413
83
2
20
268
309
407
63
50
255
314
402
42
62
251
325
369
21
81
237
326
75
335
88
233
321
302
101
91
230
319
271
122
97
226
302
231
118
100
207
81
175
248
92
109
244
63
161
275
68
104
300
150
292
44
97
349
123
300
18
84
363
270
77
369
232
68
387
60
395
50
414
43
419
47
412
24
10
49
411
46
29
48
405
144
46
394
186
1
43
383
216
377
234
365
258
343
284
35
314
268
34
362
246
409
206
439
167
139
433
19
425
87
3
427
147
24
420
210
361
218
319
207
276
182
250
161
226
94
30
73
25
59
21
52
18
2
48
13
1
37
12
19
25
33
40
18
19
56
136
201
282
343
390
441
492
6
527
23
15
554
78
4
23
566
120
19
560
150
20
554
178
532
193
511
193
479
177
413
161
335
146
272
123
230
104
102
96
89
4
4
29
72
40
94
57
71
122
4
53
86
7
140
23
57
81
23
135
61
138
22
148
114
154
26
159
148
141
1
180
159
131
200
158
119
232
174
108
210
193
90
212
208
85
223
11
229
81
1
236
28
258
81
241
54
278
72
231
102
299
65
204
3
218
326
56
214
208
358
48
224
182
363
245
150
372
260
134
363
274
120
345
283
97
323
283
61
304
279
276
280
9
227
286
20
188
285
50
286
70
9
308
73
323
84
12
329
89
34
324
107
61
321
121
101
314
124
141
304
122
175
208
236
256
275
319
334
341
348
340
333
65
322
77
286
94
2
238
50
127
33
229
65
201
216
82
240
191
115
279
142
310
180
346
378
225
396
270
401
317
407
342
407
374
406
412
401
435
383
486
376
529
9
377
570
48
384
596
368
594
351
594
342
610
1
1
335
588
4
2
331
605
322
619
312
632
300
644
281
533
97
670
256
689
234
693
203
683
174
13
658
143
45
626
113
72
15
606
90
50
554
89
6
3
87
344
76
101
120
276
64
118
156
53
125
177
75
12
8
53
20
5
127
202
93
138
20
8
140
223
111
202
18
5
143
228
134
255
12
5
199
223
158
286
7
6
229
206
156
1
321
28
4
265
186
146
2
341
37
1
3
272
161
60
5
137
358
57
265
125
74
9
157
371
24
76
221
115
79
174
152
387
194
105
91
208
133
390
175
88
103
250
53
427
47
169
9
85
134
54
40
269
209
29
58
6
148
156
134
157
264
224
5
181
131
138
155
190
241
229
253
114
165
228
237
336
5
13
102
190
265
244
412
18
1
191
291
248
437
39
33
189
311
266
527
61
2
193
301
558
261
8
127
293
591
258
210
271
616
256
261
260
620
235
313
257
606
229
1
352
259
587
224
1
395
244
566
229
2
442
240
554
209
3
454
12
228
525
198
2
462
37
198
472
179
9
471
1
59
169
460
158
76
441
89
20
17
446
145
121
106
36
394
76
386
133
139
206
339
91
331
123
15
15
150
222
309
95
345
120
156
255
290
102
348
104
148
269
264
130
350
140
298
237
514
138
329
205
506
128
354
155
459
124
370
133
470
123
113
381
472
120
88
372
475
123
367
54
476
122
325
462
120
316
447
123
286
428
176
281
407
184
303
359
185
296
293
22
177
267
252
49
168
232
64
143
201
78
129
41
36
180
84
112
54
34
155
94
100
213
33
125
3
97
60
250
94
4
91
54
257
7
83
75
268
103
248
119
246
1
143
260
179
254
206
2
215
212
56
190
99
225
164
122
233
164
131
250
160
161
281
172
190
306
185
211
340
206
619
222
647
236
622
35
250
611
48
255
618
58
247
599
55
232
589
63
212
580
87
191
570
120
168
549
139
147
528
161
127
185
101
204
70
204
21
192
43
178
60
163
72
146
80
127
85
91
110
97
88
100
67
102
48
100
34
95
19
91
8
54
83
103
76
139
63
167
10
193
64
247
125
281
188
305
224
329
626
651
666
645
313
316
307
296
283
262
234
213
200
181
175
164
151
148
117
41
130
203
296
353
33
419
9
102
469
67
141
540
150
191
593
242
10
212
634
332
5
226
683
433
210
743
475
212
779
509
206
792
505
196
773
526
186
758
562
44
166
743
575
59
156
725
42
604
86
134
643
92
624
102
106
539
128
647
110
84
38
412
167
613
121
68
74
38
578
131
152
154
9
63
31
487
135
238
197
54
196
416
199
526
52
14
178
346
232
626
19
51
171
261
682
53
180
293
685
63
192
310
674
65
198
316
653
59
195
310
1
615
56
190
311
588
51
186
282
577
174
257
550
161
243
280
147
147
229
270
154
160
213
251
207
182
15
499
214
506
224
193
307
255
525
268
516
284
517
297
489
310
79
338
335
306
28
352
294
353
178
90
332
180
324
182
294
172
283
153
269
129
240
229
250
235
224
7
13
29
47
62
74
2
86
47
102
85
17
125
124
57
304
94
325
149
336
187
322
228
322
248
308
251
285
252
286
228
257
208
224
179
183
181
180
194
6
205
58
213
110
2
43
215
212
8
211
228
16
208
241
33
215
249
53
158
242
244
85
158
7
4
2
256
112
231
176
46
260
137
222
197
60
254
157
215
212
147
229
159
207
233
161
151
203
186
253
144
195
192
275
139
181
4
201
303
136
22
4
166
240
347
135
52
147
1
236
382
13
4
136
79
123
27
424
192
46
131
90
98
1
66
491
62
170
134
87
80
135
561
100
146
135
86
66
174
599
136
174
44
127
80
60
4
188
603
151
175
89
122
159
58
202
580
171
167
121
114
289
55
211
31
488
192
152
146
89
357
51
199
320
455
207
119
84
390
42
187
417
430
225
91
74
410
36
160
480
418
237
54
66
414
30
876
58
416
21
866
418
13
5
21
819
402
49
5
29
599
380
139
19
600
342
232
14
586
292
316
14
592
8
238
406
656
196
483
661
170
557
645
143
622
628
648
612
643
543
1
3
673
490
9
1
690
267
105
691
234
152
683
192
1
666
214
611
210
397
200
384
191
362
183
309
169
154
132
186
4
174
258
12
106
288
73
114
293
120
17
119
317
161
109
113
354
406
102
363
502
84
41
331
546
56
19
53
338
572
98
63
333
614
129
65
317
649
136
295
673
142
257
699
139
621
136
56
686
124
705
104
700
67
693
35
679
19
665
649
617
607
599
590
604
611
608
595
48
585
67
63
696
73
560
86
8
2
592
110
45
632
125
89
661
136
110
683
130
107
700
116
104
694
111
98
679
103
109
657
99
107
628
94
115
595
83
116
573
4
8
84
117
621
19
90
129
447
128
23
82
156
14
553
29
79
170
34
544
26
71
189
62
524
20
62
192
87
495
2
122
45
175
392
32
171
38
165
356
200
124
48
310
212
108
69
280
215
101
81
250
225
88
86
219
246
67
98
198
268
38
97
281
12
110
2
260
1
125
128
150
4
171
53
196
93
213
132
218
150
234
191
235
310
411
584
650
705
772
814
8
807
833
843
846
827
805
788
757
714
649
11
33
87
76
7
136
125
162
141
183
154
181
153
198
1
158
209
154
243
148
293
143
309
133
310
112
296
96
285
65
275
8
4
1
44
259
66
20
222
105
14
220
137
219
176
10
4
1
207
267
43
179
333
4
72
377
21
101
404
53
129
7
434
79
157
81
147
459
179
161
182
485
183
234
210
507
175
277
126
514
92
177
316
131
504
154
79
346
137
503
61
376
496
45
112
12
386
95
31
479
98
43
387
91
20
43
469
95
58
379
92
11
94
447
99
71
361
103
141
113
376
83
337
123
191
102
360
37
90
317
149
217
92
331
80
89
301
163
229
96
304
130
80
294
184
257
98
270
177
64
296
203
284
268
224
46
294
235
298
260
42
264
28
291
261
314
247
296
14
302
281
321
225
323
6
295
299
339
209
346
287
314
195
372
362
264
315
190
422
385
208
317
171
406
456
310
23
1
149
412
469
315
94
130
412
463
305
163
120
425
462
291
221
104
429
477
283
274
81
440
472
273
316
64
431
456
244
335
51
407
413
203
335
39
386
370
348
344
287
359
319
393
326
106
481
315
107
571
297
1
3
109
628
37
250
171
735
224
183
771
194
187
809
180
200
819
158
228
833
139
244
829
116
255
820
85
249
836
223
16
834
212
4
847
176
847
142
833
3
115
770
92
580
47
627
26
671
1
10
708
11
5
733
20
17
747
70
779
116
846
139
885
164
900
187
906
187
916
162
894
127
850
129
26
791
132
57
11
710
125
79
65
29
590
106
98
79
64
324
86
107
90
88
90
113
74
128
3
116
104
79
168
209
104
91
193
253
92
100
199
276
85
110
193
288
91
120
198
290
118
134
214
290
137
127
227
298
145
140
233
292
5
14
10
125
625
510
313
674
553
393
751
578
451
820
587
487
887
602
486
912
596
501
918
583
492
918
574
475
889
559
484
824
546
483
82
725
522
629
15
487
660
48
364
441
670
114
339
405
664
191
11
311
368
648
228
44
293
252
88
619
186
258
97
2
275
566
178
173
12
284
260
514
11
167
531
308
457
32
591
336
157
70
1
640
376
120
723
392
149
808
390
173
875
388
205
931
358
230
938
337
256
930
317
287
929
304
303
932
299
326
931
307
360
914
310
398
902
287
463
906
249
491
928
203
488
942
136
371
945
65
397
901
405
91
756
427
126
736
432
159
710
429
86
190
615
423
111
239
409
133
294
389
142
373
19
358
150
399
13
335
150
414
8
301
158
421
260
172
435
179
146
449
225
116
481
249
483
270
400
304
374
382
14
339
391
18
306
197
20
179
2
277
187
25
178
254
25
1
224
172
231
101
222
229
158
190
6
247
194
40
260
218
63
263
233
88
251
200
113
235
243
141
215
387
163
201
266
132
182
183
285
20
80
196
160
300
46
91
210
364
135
1
200
343
171
352
70
349
59
353
6
65
360
16
9
187
392
18
334
412
21
406
407
27
450
458
498
485
516
491
538
485
572
469
574
454
575
448
571
429
534
412
395
118
5
375
191
343
260
318
338
287
388
275
16
31
443
270
110
480
280
150
497
264
196
515
262
271
5
29
513
276
339
94
12
499
266
377
8
23
111
461
247
481
35
106
414
14
226
531
59
101
90
365
214
556
74
73
1
458
194
583
551
55
4
197
601
538
47
2
638
519
36
669
34
500
699
34
498
670
27
519
666
23
528
611
22
529
545
19
519
503
16
472
449
16
424
420
16
356
381
13
356
336
16
339
11
18
329
38
23
302
82
30
289
107
36
268
126
42
258
136
50
246
150
5
64
230
141
68
212
134
69
191
7
64
238
23
63
284
46
61
330
63
67
32
366
112
66
8
461
136
60
9
525
150
17
461
126
8
33
34
516
1
139
99
106
554
229
65
158
588
302
27
214
593
362
286
564
404
330
2
1
500
423
367
19
424
409
48
1
1
427
475
126
32
429
513
155
146
431
531
191
198
435
540
200
339
441
3
541
198
363
437
38
527
194
388
439
71
4
519
318
405
440
519
363
386
425
502
1
329
369
409
487
14
228
346
381
480
56
18
2
319
73
364
462
88
3
6
33
287
49
347
427
131
29
56
2
2
14
38
270
335
371
166
53
80
32
36
320
242
191
59
81
35
264
32
206
231
88
81
41
189
25
20
143
254
124
75
1
112
154
251
153
94
163
16
2
121
64
261
172
107
197
2
265
216
92
219
20
284
241
2
356
313
385
343
399
390
432
464
17
10
419
600
31
419
758
356
833
12
301
933
247
1020
1
195
1103
167
1124
140
1148
117
1135
1084
3
8
926
12
148
889
2
3
275
868
839
308
786
337
521
354
483
398
429
412
382
410
332
389
23
271
315
84
307
119
290
151
287
163
1
277
17
300
65
2
260
303
40
133
231
307
83
159
168
315
124
157
161
339
160
144
147
351
187
126
144
364
192
116
140
379
30
176
87
129
390
26
130
89
122
405
105
26
130
403
119
29
134
415
137
33
131
408
1
149
41
126
394
17
143
54
114
378
63
123
65
111
433
198
100
307
253
97
8
10
235
240
33
5
1
77
4
48
218
166
65
114
198
167
90
177
180
164
102
304
175
162
115
370
177
129
126
407
179
119
141
94
432
187
107
156
110
443
189
87
167
130
464
183
70
164
144
472
192
50
174
174
485
204
21
175
201
10
461
197
6
160
201
47
442
143
194
96
438
137
177
147
453
32
7
113
653
154
167
62
110
666
133
239
99
107
114
678
256
123
96
695
104
269
155
94
707
89
260
223
85
683
80
251
376
646
73
235
445
588
63
242
496
519
52
239
552
455
41
75
262
617
154
310
686
2
169
110
309
408
720
94
164
7
375
453
725
110
32
192
424
476
706
123
60
233
451
478
685
134
71
242
451
481
667
138
88
254
457
486
626
146
97
239
450
489
567
162
108
180
424
494
517
185
114
117
400
488
483
203
132
55
368
473
443
250
24
135
16
4
329
458
410
10
273
44
157
21
293
442
378
40
335
89
187
21
277
415
340
89
398
26
107
212
250
384
301
131
451
31
122
245
226
361
133
149
115
484
39
163
274
219
323
240
509
47
193
293
216
288
217
529
61
296
218
214
243
157
541
70
293
262
195
190
152
543
78
296
307
204
155
548
83
312
337
209
545
95
313
354
214
16
534
116
320
353
215
30
513
509
330
219
57
509
485
334
227
71
504
18
307
451
5
231
128
508
288
401
46
210
508
277
353
123
198
510
268
49
160
239
168
504
240
43
187
191
4
500
214
37
215
173
33
500
185
37
153
148
78
128
508
158
164
65
512
154
191
58
497
170
231
46
540
188
279
574
201
329
605
207
368
637
209
371
652
198
406
649
190
423
631
185
410
586
201
399
554
225
379
505
258
85
244
285
408
70
313
371
341
350
365
330
381
312
393
291
386
275
367
266
246
355
234
332
219
309
210
293
211
268
205
227
206
198
196
167
187
140
172
128
166
131
153
132
136
132
122
144
167
94
190
90
2
219
84
88
262
298
83
334
88
334
91
31
286
96
27
272
105
261
113
43
126
180
34
148
140
170
91
185
52
192
20
195
4
184
165
135
106
34
100
156
186
199
233
278
323
366
408
442
495
544
583
606
620
595
569
523
506
475
437
379
37
28
31
50
82
128
30
171
56
216
70
259
82
293
98
320
118
325
134
345
143
367
154
358
162
387
164
381
155
2
376
142
3
364
121
5
353
104
6
327
86
9
302
64
8
291
52
7
257
35
5
226
19
1
204
10
177
42
150
76
112
26
156
130
172
184
192
242
144
207
298
159
223
349
180
238
417
4
192
263
475
8
203
281
518
7
25
291
204
517
1
394
225
512
452
240
504
488
260
482
516
277
463
2
549
304
416
3
583
313
347
2
604
313
323
10
15
2
600
298
286
71
12
593
291
247
125
6
595
262
158
146
4
584
239
20
1
93
144
6
573
229
123
69
29
555
231
103
116
451
197
133
72
418
168
137
33
3
10
62
396
144
128
37
156
368
118
297
114
322
107
329
105
338
2
116
8
345
122
381
140
368
165
353
178
328
176
309
178
290
177
2
253
158
4
230
230
16
238
21
253
45
4
275
76
294
91
113
28
13
170
60
93
244
85
143
29
286
117
218
310
1
141
239
326
25
146
24
257
309
148
154
279
301
193
175
294
292
236
193
294
274
280
218
275
250
317
231
261
221
2
243
352
276
193
60
249
376
287
171
356
403
281
175
385
412
263
174
394
400
258
221
8
392
350
243
260
370
292
213
283
349
255
22
157
280
321
222
10
7
159
260
1
302
237
57
168
268
216
31
177
237
195
15
181
207
36
162
11
194
176
43
173
206
139
47
177
207
106
55
173
209
62
185
199
79
184
179
99
202
153
110
217
103
223
343
323
9
316
299
265
2
21
186
11
4
73
169
2
38
171
56
302
85
429
118
525
139
587
162
616
177
640
196
664
208
688
208
677
183
669
165
657
38
148
659
88
139
620
112
118
697
36
122
608
71
130
554
106
143
2
466
1
143
168
22
448
181
176
40
437
310
176
414
365
164
379
401
164
351
752
161
494
22
166
40
9
479
186
27
35
481
229
127
46
24
512
246
64
17
514
263
2
85
9
855
33
93
866
91
98
857
130
92
843
172
83
849
180
76
11
837
181
69
862
16
2
181
29
63
835
60
156
77
52
795
257
131
40
738
286
186
35
681
313
220
36
601
316
254
39
531
329
1
284
9
37
472
3
349
303
67
74
432
83
337
333
131
104
394
79
330
354
178
128
355
72
321
348
205
216
312
315
342
237
218
294
338
246
232
52
33
349
250
245
136
365
248
251
172
360
232
252
194
359
218
249
200
353
188
253
22
202
349
166
248
52
207
324
153
230
83
217
141
214
105
220
134
207
118
216
132
202
132
194
133
196
137
51
163
2
45
130
195
136
67
146
27
47
133
184
165
84
135
51
11
83
126
175
186
108
128
95
174
127
175
193
139
118
93
232
113
188
207
188
110
91
2
273
105
201
237
213
96
455
85
205
223
296
75
485
218
235
339
58
530
248
31
230
384
44
525
262
29
222
407
32
509
259
31
219
434
28
456
15
258
29
180
451
24
429
76
298
34
147
460
127
401
1
136
304
45
2
124
481
179
378
194
305
90
5
104
496
583
232
302
131
17
482
584
278
290
174
28
434
39
497
300
262
213
39
470
464
320
148
246
75
55
475
419
364
126
263
54
73
461
1
372
395
110
275
97
36
433
341
441
90
280
113
22
380
316
490
282
77
129
5
315
58
287
526
278
67
124
102
266
558
255
71
107
125
618
226
70
101
149
647
78
200
101
164
667
85
177
113
172
656
100
255
177
657
127
259
183
642
159
261
189
644
199
249
185
661
228
251
9
1
183
243
22
247
26
175
247
36
244
46
174
20
77
249
51
234
71
178
256
246
61
223
85
167
317
228
73
211
98
154
323
203
81
200
271
322
6
175
78
192
275
373
150
52
184
270
357
170
255
255
154
202
4
203
134
194
4
166
126
196
142
122
198
16
128
122
202
101
111
105
198
161
82
80
192
192
68
187
194
47
186
211
16
186
223
183
234
188
244
197
253
194
246
189
247
186
234
177
213
169
199
149
150
147
146
14
137
39
121
72
100
115
179
8
190
11
11
199
26
10
217
41
71
14
239
224
1
17
274
2
275
25
298
327
28
312
378
323
337
13
333
335
5
326
331
321
316
316
281
313
4
247
310
233
300
221
5
296
226
285
281
305
314
324
330
316
299
264
223
147
104
84
2
10
44
108
158
8
20
9
191
24
61
242
54
81
265
80
106
281
99
139
357
124
199
413
137
190
426
148
227
422
152
263
403
144
37
2
10
289
415
132
116
298
395
121
153
322
363
120
175
341
402
121
190
365
396
116
192
386
414
112
193
413
392
104
179
423
404
95
156
437
419
92
152
416
420
2
80
146
369
448
5
78
143
335
498
14
75
148
312
533
4
81
160
269
536
22
80
168
517
28
88
168
12
13
448
42
32
97
173
42
131
41
100
178
121
155
59
99
170
225
164
71
112
177
336
182
80
119
187
467
169
90
116
173
684
149
118
142
789
128
118
118
882
102
115
938
69
111
995
37
1
98
1004
3
90
941
73
782
719
645
505
393
6
13
27
10
23
25
36
13
41
43
39
36
33
30
29
29
29
30
38
41
44
46
47
2
16
20
20
18
19
19
13
11
14
12
8
4
45
15
91
50
7
144
70
14
207
70
26
249
73
37
272
62
38
36
282
56
31
110
274
44
35
154
7
5
246
47
28
183
23
232
226
8
79
58
81
13
248
214
35
111
329
77
10
243
55
135
81
314
16
263
66
157
100
297
19
357
173
126
23
299
343
185
149
16
291
365
216
157
283
377
212
177
274
386
212
197
252
380
200
205
212
369
188
195
192
357
178
191
341
167
111
65
8
23
3
318
159
112
59
76
11
295
155
106
73
145
274
161
99
64
197
248
176
91
234
223
188
76
271
193
217
79
2
281
177
227
89
286
173
216
108
290
178
203
126
17
264
184
192
135
26
272
201
184
150
24
282
221
175
145
20
288
231
144
173
173
123
237
140
164
190
242
134
166
210
236
175
113
221
227
188
1
77
10
226
201
195
1
70
209
185
195
69
182
170
194
72
173
154
181
71
173
153
171
74
13
161
74
172
30
153
87
156
47
138
7
12
110
145
74
141
35
137
123
107
141
41
148
99
179
133
155
85
175
120
158
70
159
52
49
154
58
185
45
154
51
157
49
151
40
49
54
5
144
27
44
66
86
95
103
108
108
102
84
67
45
30
21
43
69
82
93
95
96
97
103
106
111
118
119
146
171
188
196
210
221
224
225
85
232
2
146
227
176
222
77
231
212
135
253
194
170
266
220
272
278
255
324
250
354
253
390
263
419
53
280
449
112
5
294
3
481
179
26
7
2
9
293
553
227
98
266
575
406
271
446
447
270
447
464
246
450
467
218
444
458
181
432
440
147
396
420
6
131
407
413
154
390
398
4
134
365
10
369
355
13
341
333
16
322
299
16
296
265
16
281
15
228
272
13
199
262
163
7
269
129
278
109
120
189
1
108
1
103
187
25
95
196
49
90
7
6
219
164
227
242
28
10
233
285
64
244
302
95
241
327
109
239
354
131
234
369
138
231
378
149
225
148
392
169
192
414
194
257
416
223
300
401
264
349
389
270
354
374
270
384
397
260
386
411
246
370
419
236
203
161
360
211
155
338
185
154
320
158
155
302
125
157
217
149
203
147
148
135
127
113
58
41
54
110
72
126
86
132
88
157
85
170
81
180
79
198
70
215
61
228
55
244
64
265
95
277
158
290
204
301
228
309
235
31
324
228
75
331
217
111
322
137
208
304
154
219
281
160
97
10
245
271
72
24
214
269
100
42
3
174
248
146
93
155
222
195
123
140
206
252
167
182
260
197
28
171
253
228
95
268
252
156
284
271
213
290
286
277
305
301
340
315
310
391
2
323
2
327
429
340
339
458
343
345
467
318
1
344
473
285
326
471
245
303
455
210
291
434
194
264
390
169
234
350
154
223
345
133
192
285
112
169
289
91
143
288
75
125
307
63
95
313
18
52
6
313
60
40
11
53
309
104
26
14
66
302
130
29
95
295
47
159
116
270
45
189
152
239
43
210
190
42
209
207
44
194
208
47
176
202
53
166
3
209
71
156
204
76
142
179
113
113
175
134
68
164
159
49
151
208
34
149
259
23
152
312
10
150
364
149
410
148
462
153
2
4
517
164
22
548
32
155
31
527
28
157
47
560
34
158
4
51
582
37
154
25
50
587
37
215
47
588
38
221
36
583
37
223
53
571
31
218
89
2
579
23
229
115
587
23
230
139
588
29
237
156
66
576
33
240
169
102
552
21
240
175
121
522
12
222
191
158
502
19
205
179
480
41
215
160
460
77
220
159
5
577
209
94
18
520
210
93
33
512
265
94
508
274
90
501
279
80
497
280
9
67
483
47
269
54
455
78
207
406
101
197
370
130
185
300
149
240
160
162
185
192
192
204
219
248
266
263
251
242
224
211
199
179
2
411
27
383
13
11
49
481
71
485
97
489
117
473
142
451
167
426
193
170
244
223
251
143
263
263
120
290
266
93
308
252
4
8
75
314
19
245
18
53
316
85
27
222
24
316
146
175
10
61
16
323
180
39
106
64
320
194
31
110
114
331
234
132
91
30
334
260
138
77
66
316
288
145
46
14
96
302
316
184
61
398
259
213
61
218
248
96
248
57
189
259
279
44
180
285
298
30
39
188
316
303
15
79
199
333
6
297
8
97
214
44
356
289
7
91
213
67
27
1
365
1
285
73
200
76
75
359
288
61
84
124
334
286
52
169
91
317
261
43
4
212
97
301
215
3
22
264
91
128
63
31
304
81
127
72
36
337
68
128
74
40
368
48
130
54
393
26
121
59
58
399
1
3
209
52
381
224
33
366
232
345
240
318
246
292
222
259
181
227
198
34
98
3
190
1
263
311
350
373
377
396
410
38
416
1
41
430
42
458
57
9
301
133
60
15
253
148
55
23
226
150
44
27
204
152
39
28
146
34
28
28
5
4
117
29
64
1
17
67
10
72
2
11
60
3
6
63
4
62
5
72
4
79
5
5
79
6
81
10
85
10
94
9
15
100
8
42
103
9
103
12
111
13
104
8
98
1
89
2
2
16
53
11
1
48
77
116
92
154
80
180
91
211
122
227
149
235
174
229
198
210
227
212
263
279
275
348
292
24
389
287
8
64
431
305
96
459
305
101
282
207
330
124
304
209
354
155
335
192
85
341
182
553
355
137
220
741
378
254
757
377
278
789
363
307
802
345
337
785
314
349
752
273
353
721
218
339
707
182
318
703
313
712
300
714
277
731
246
754
212
790
2
182
837
157
880
881
889
48
137
859
215
822
12
334
29
751
1
397
112
614
22
435
166
62
440
198
91
430
227
123
414
261
150
12
408
270
152
62
408
257
146
121
1
404
34
27
239
137
208
54
71
39
383
238
107
264
106
111
35
352
239
322
49
127
825
36
196
2
167
796
36
182
199
797
34
246
746
35
303
731
34
369
718
33
462
694
35
535
677
35
598
33
660
600
635
29
598
28
611
596
582
27
613
535
27
640
14
466
29
644
103
359
672
130
154
701
14
147
174
780
215
157
817
152
287
821
386
134
792
495
65
790
549
21
1
753
586
16
705
600
10
680
633
3
671
630
1
656
593
633
559
604
478
586
426
5
5
552
32
531
1
173
97
499
32
125
138
62
462
166
65
74
426
200
69
80
380
228
80
87
338
242
118
94
291
247
168
96
244
238
229
107
206
230
266
129
180
240
306
141
162
389
255
151
140
460
264
172
500
256
7
169
520
279
191
530
287
217
539
298
252
540
324
306
556
319
328
588
304
327
636
274
325
675
225
326
1
704
156
311
6
713
80
291
16
705
59
259
30
681
42
620
14
28
45
516
16
112
4
8
432
12
221
2
28
1
276
65
29
303
115
36
308
166
6
12
41
301
243
42
5
288
301
1
37
39
277
358
50
49
26
76
403
270
72
82
4
12
116
445
253
181
59
168
472
245
58
228
110
195
141
464
243
55
273
151
207
167
1
403
248
55
283
191
1
200
289
370
251
62
291
246
3
381
194
351
259
303
314
1
4
236
429
343
284
682
291
467
2
341
287
711
297
519
336
277
718
296
531
328
255
708
228
540
338
234
728
538
210
344
211
746
535
194
15
354
190
764
534
186
57
363
174
785
552
283
6
376
154
781
569
15
279
378
137
775
545
28
288
364
124
760
501
41
288
350
119
737
445
54
282
329
99
707
383
65
261
309
86
678
67
320
234
3
283
73
643
262
71
206
1
253
60
603
201
55
214
79
552
155
111
519
146
123
482
144
125
419
158
120
386
194
105
359
232
64
324
250
40
334
366
357
17
360
2
1
338
32
2
273
96
247
148
245
195
288
558
585
607
596
592
3
596
601
603
601
601
569
44
554
88
533
148
496
180
471
214
435
244
1
27
435
281
181
106
342
428
181
48
362
454
183
9
341
415
184
8
2
318
403
182
2
6
380
276
194
11
12
255
343
193
22
19
228
315
190
29
28
207
290
182
31
51
21
192
244
172
26
92
29
140
207
164
25
130
44
123
168
151
25
170
84
111
131
141
18
211
108
94
113
2
139
8
245
2
138
80
35
11
138
2
262
17
152
66
66
20
131
260
39
160
70
93
47
131
62
242
174
211
89
140
79
228
203
248
121
137
87
205
248
283
162
135
86
184
299
314
327
78
163
369
318
197
134
76
143
453
314
323
4
3
69
136
502
299
59
113
525
296
107
23
541
274
103
15
519
264
106
6
486
250
107
7
445
245
15
390
230
72
331
232
115
217
37
156
199
44
195
175
63
233
79
157
254
100
279
128
283
148
291
188
309
210
301
238
307
268
290
294
72
247
321
135
2
210
340
163
166
122
338
160
128
138
340
164
160
103
329
176
178
78
1
1
306
3
189
202
85
1
331
213
547
75
241
184
501
74
255
3
171
505
74
444
484
89
480
462
101
507
443
218
261
412
212
257
389
5
223
253
371
11
229
234
19
364
235
65
372
250
100
419
259
158
414
1
233
27
179
441
221
214
504
220
22
526
217
1
233
62
225
525
6
7
5
2
332
297
504
5
333
324
502
311
357
476
279
366
431
244
4
372
378
374
6
327
24
441
71
5
579
66
525
115
466
153
311
177
321
68
192
305
86
204
264
123
209
235
152
228
168
255
174
302
105
323
97
331
76
316
50
342
43
353
44
352
47
332
58
310
76
277
87
246
93
218
110
19
126
35
14
132
72
144
115
3
152
175
158
245
7
164
286
24
162
34
293
156
30
329
133
21
350
3
117
2
3
375
100
386
409
13
2
421
60
29
6
436
96
28
1
458
11
4
119
34
495
107
158
461
146
180
489
187
202
505
199
234
515
208
288
501
220
311
731
321
38
717
347
41
697
371
68
685
408
